(1,[1])
(2,[2])
(3,[3])
(4,[4])
(5,[5])
(6,[6])
(7,[7])
(8,[8])
(9,[9])
(10,[1])
(11,[0,1,2])
(12,[1,2,3])
(13,[1,2,3,4])
(14,[1,3,4,5])
(15,[1,4,5,6])
(16,[1,5,6,7])
(17,[1,6,7,8])
(18,[1,7,8,9])
(19,[1,8,9,10])
(20,[2])
(21,[1,2,3])
(22,[0,2,4])
(23,[1,2,3,5])
(24,[2,4,6])
(25,[2,3,5,7])
(26,[2,4,6,8])
(27,[2,5,7,9])
(28,[2,6,8,10])
(29,[2,7,9,11])
(30,[3])
(31,[1,2,3,4])
(32,[1,2,3,5])
(33,[0,3,6])
(34,[1,3,4,7])
(35,[2,3,5,8])
(36,[3,6,9])
(37,[3,4,7,10])
(38,[3,5,8,11])
(39,[3,6,9,12])
(40,[4])
(41,[1,3,4,5])
(42,[2,4,6])
(43,[1,3,4,7])
(44,[0,4,8])
(45,[1,4,5,9])
(46,[2,4,6,10])
(47,[3,4,7,11])
(48,[4,8,12])
(49,[4,5,9,13])
(50,[5])
(51,[1,4,5,6])
(52,[2,3,5,7])
(53,[2,3,5,8])
(54,[1,4,5,9])
(55,[0,5,10])
(56,[1,5,6,11])
(57,[2,5,7,12])
(58,[3,5,8,13])
(59,[4,5,9,14])
(60,[6])
(61,[1,5,6,7])
(62,[2,4,6,8])
(63,[3,6,9])
(64,[2,4,6,10])
(65,[1,5,6,11])
(66,[0,6,12])
(67,[1,6,7,13])
(68,[2,6,8,14])
(69,[3,6,9,15])
(70,[7])
(71,[1,6,7,8])
(72,[2,5,7,9])
(73,[3,4,7,10])
(74,[3,4,7,11])
(75,[2,5,7,12])
(76,[1,6,7,13])
(77,[0,7,14])
(78,[1,7,8,15])
(79,[2,7,9,16])
(80,[8])
(81,[1,7,8,9])
(82,[2,6,8,10])
(83,[3,5,8,11])
(84,[4,8,12])
(85,[3,5,8,13])
(86,[2,6,8,14])
(87,[1,7,8,15])
(88,[0,8,16])
(89,[1,8,9,17])
(90,[9])
(91,[1,8,9,10])
(92,[2,7,9,11])
(93,[3,6,9,12])
(94,[4,5,9,13])
(95,[4,5,9,14])
(96,[3,6,9,15])
(97,[2,7,9,16])
(98,[1,8,9,17])
(99,[0,9,18])
(100,[1])
(101,[0,1,2])
(102,[1,2,3])
(103,[1,2,3,4])
(104,[1,3,4,5])
(105,[1,4,5,6])
(106,[1,5,6,7])
(107,[1,6,7,8])
(108,[1,7,8,9])
(109,[1,8,9,10])
(110,[0,1,2])
(111,[0,1,2,3])
(112,[0,1,2,3,4])
(113,[0,1,2,3,4,5])
(114,[0,1,2,3,4,5,6])
(115,[0,1,2,3,4,5,6,7])
(116,[0,1,2,4,5,6,7,8])
(117,[0,1,2,5,6,7,8,9])
(118,[0,1,2,6,7,8,9,10])
(119,[0,1,2,7,8,9,10,11])
(120,[1,2,3])
(121,[0,1,2,3,4])
(122,[0,1,2,3,4,5])
(123,[0,1,2,3,4,5,6])
(124,[1,2,3,4,5,6,7])
(125,[1,2,3,4,5,6,7,8])
(126,[1,2,3,4,5,6,7,8,9])
(127,[1,2,3,4,5,6,7,8,9,10])
(128,[1,2,3,5,6,7,8,9,10,11])
(129,[1,2,3,6,7,8,9,10,11,12])
(130,[1,2,3,4])
(131,[0,1,2,3,4,5])
(132,[0,1,2,3,4,5,6])
(133,[0,1,2,3,4,5,6,7])
(134,[0,1,2,3,4,5,6,7,8])
(135,[1,2,3,4,5,6,7,8,9])
(136,[1,2,3,4,5,6,7,8,9,10])
(137,[1,2,3,4,5,6,7,8,9,10,11])
(138,[1,2,3,4,5,6,7,8,9,10,11,12])
(139,[1,2,3,4,5,6,7,8,9,10,11,12,13])
(140,[1,3,4,5])
(141,[0,1,2,3,4,5,6])
(142,[1,2,3,4,5,6,7])
(143,[0,1,2,3,4,5,6,7,8])
(144,[0,1,3,4,5,7,8,9])
(145,[0,1,2,3,4,5,6,8,9,10])
(146,[1,2,3,4,5,6,7,9,10,11])
(147,[1,2,3,4,5,6,7,8,10,11,12])
(148,[1,3,4,5,7,8,9,11,12,13])
(149,[1,3,4,5,6,8,9,10,12,13,14])
(150,[1,4,5,6])
(151,[0,1,2,3,4,5,6,7])
(152,[1,2,3,4,5,6,7,8])
(153,[1,2,3,4,5,6,7,8,9])
(154,[0,1,2,3,4,5,6,8,9,10])
(155,[0,1,4,5,6,9,10,11])
(156,[0,1,2,4,5,6,7,10,11,12])
(157,[1,2,3,4,5,6,7,8,11,12,13])
(158,[1,2,3,4,5,6,7,8,9,12,13,14])
(159,[1,3,4,5,6,8,9,10,13,14,15])
(160,[1,5,6,7])
(161,[0,1,2,4,5,6,7,8])
(162,[1,2,3,4,5,6,7,8,9])
(163,[1,2,3,4,5,6,7,8,9,10])
(164,[1,2,3,4,5,6,7,9,10,11])
(165,[0,1,2,4,5,6,7,10,11,12])
(166,[0,1,5,6,7,11,12,13])
(167,[0,1,2,5,6,7,8,12,13,14])
(168,[1,2,3,5,6,7,8,9,13,14,15])
(169,[1,2,3,4,5,6,7,8,9,10,14,15,16])
(170,[1,6,7,8])
(171,[0,1,2,5,6,7,8,9])
(172,[1,2,3,4,5,6,7,8,9,10])
(173,[1,2,3,4,5,6,7,8,9,10,11])
(174,[1,2,3,4,5,6,7,8,10,11,12])
(175,[1,2,3,4,5,6,7,8,11,12,13])
(176,[0,1,2,5,6,7,8,12,13,14])
(177,[0,1,6,7,8,13,14,15])
(178,[0,1,2,6,7,8,9,14,15,16])
(179,[1,2,3,6,7,8,9,10,15,16,17])
(180,[1,7,8,9])
(181,[0,1,2,6,7,8,9,10])
(182,[1,2,3,5,6,7,8,9,10,11])
(183,[1,2,3,4,5,6,7,8,9,10,11,12])
(184,[1,3,4,5,7,8,9,11,12,13])
(185,[1,2,3,4,5,6,7,8,9,12,13,14])
(186,[1,2,3,5,6,7,8,9,13,14,15])
(187,[0,1,2,6,7,8,9,14,15,16])
(188,[0,1,7,8,9,15,16,17])
(189,[0,1,2,7,8,9,10,16,17,18])
(190,[1,8,9,10])
(191,[0,1,2,7,8,9,10,11])
(192,[1,2,3,6,7,8,9,10,11,12])
(193,[1,2,3,4,5,6,7,8,9,10,11,12,13])
(194,[1,3,4,5,6,8,9,10,12,13,14])
(195,[1,3,4,5,6,8,9,10,13,14,15])
(196,[1,2,3,4,5,6,7,8,9,10,14,15,16])
(197,[1,2,3,6,7,8,9,10,15,16,17])
(198,[0,1,2,7,8,9,10,16,17,18])
(199,[0,1,8,9,10,17,18,19])
(200,[2])
(201,[1,2,3])
(202,[0,2,4])
(203,[1,2,3,5])
(204,[2,4,6])
(205,[2,3,5,7])
(206,[2,4,6,8])
(207,[2,5,7,9])
(208,[2,6,8,10])
(209,[2,7,9,11])
(210,[1,2,3])
(211,[0,1,2,3,4])
(212,[0,1,2,3,4,5])
(213,[0,1,2,3,4,5,6])
(214,[1,2,3,4,5,6,7])
(215,[1,2,3,4,5,6,7,8])
(216,[1,2,3,4,5,6,7,8,9])
(217,[1,2,3,4,5,6,7,8,9,10])
(218,[1,2,3,5,6,7,8,9,10,11])
(219,[1,2,3,6,7,8,9,10,11,12])
(220,[0,2,4])
(221,[0,1,2,3,4,5])
(222,[0,2,4,6])
(223,[0,1,2,3,4,5,7])
(224,[0,2,4,6,8])
(225,[0,1,2,3,4,5,7,9])
(226,[0,2,4,6,8,10])
(227,[0,2,3,4,5,7,9,11])
(228,[0,2,4,6,8,10,12])
(229,[0,2,4,5,7,9,11,13])
(230,[1,2,3,5])
(231,[0,1,2,3,4,5,6])
(232,[0,1,2,3,4,5,7])
(233,[0,1,2,3,4,5,6,8])
(234,[1,2,3,4,5,6,7,9])
(235,[0,1,2,3,4,5,6,7,8,10])
(236,[1,2,3,4,5,6,7,8,9,11])
(237,[1,2,3,4,5,6,7,8,9,10,12])
(238,[1,2,3,5,6,7,8,9,10,11,13])
(239,[1,2,3,4,5,6,7,8,9,10,11,12,14])
(240,[2,4,6])
(241,[1,2,3,4,5,6,7])
(242,[0,2,4,6,8])
(243,[1,2,3,4,5,6,7,9])
(244,[0,2,4,6,8,10])
(245,[1,2,3,4,5,6,7,9,11])
(246,[0,2,4,6,8,10,12])
(247,[1,2,3,4,5,6,7,9,11,13])
(248,[2,4,6,8,10,12,14])
(249,[2,3,4,5,6,7,9,11,13,15])
(250,[2,3,5,7])
(251,[1,2,3,4,5,6,7,8])
(252,[0,1,2,3,4,5,7,9])
(253,[0,1,2,3,4,5,6,7,8,10])
(254,[1,2,3,4,5,6,7,9,11])
(255,[0,2,3,5,7,8,10,12])
(256,[1,2,3,4,5,6,7,8,9,11,13])
(257,[0,2,3,4,5,7,9,10,12,14])
(258,[1,2,3,5,6,7,8,10,11,13,15])
(259,[2,3,4,5,6,7,9,11,12,14,16])
(260,[2,4,6,8])
(261,[1,2,3,4,5,6,7,8,9])
(262,[0,2,4,6,8,10])
(263,[1,2,3,4,5,6,7,8,9,11])
(264,[0,2,4,6,8,10,12])
(265,[1,2,3,4,5,6,7,8,9,11,13])
(266,[0,2,4,6,8,10,12,14])
(267,[1,2,3,4,5,6,7,8,9,11,13,15])
(268,[0,2,4,6,8,10,12,14,16])
(269,[1,2,3,4,5,6,7,8,9,11,13,15,17])
(270,[2,5,7,9])
(271,[1,2,3,4,5,6,7,8,9,10])
(272,[0,2,3,4,5,7,9,11])
(273,[1,2,3,4,5,6,7,8,9,10,12])
(274,[1,2,3,4,5,6,7,9,11,13])
(275,[0,2,3,4,5,7,9,10,12,14])
(276,[1,2,3,4,5,6,7,8,9,11,13,15])
(277,[0,2,5,7,9,12,14,16])
(278,[1,2,3,5,6,7,8,9,10,13,15,17])
(279,[0,2,4,5,7,9,11,14,16,18])
(280,[2,6,8,10])
(281,[1,2,3,5,6,7,8,9,10,11])
(282,[0,2,4,6,8,10,12])
(283,[1,2,3,5,6,7,8,9,10,11,13])
(284,[2,4,6,8,10,12,14])
(285,[1,2,3,5,6,7,8,10,11,13,15])
(286,[0,2,4,6,8,10,12,14,16])
(287,[1,2,3,5,6,7,8,9,10,13,15,17])
(288,[0,2,6,8,10,14,16,18])
(289,[1,2,3,6,7,8,9,10,11,15,17,19])
(290,[2,7,9,11])
(291,[1,2,3,6,7,8,9,10,11,12])
(292,[0,2,4,5,7,9,11,13])
(293,[1,2,3,4,5,6,7,8,9,10,11,12,14])
(294,[2,3,4,5,6,7,9,11,13,15])
(295,[2,3,4,5,6,7,9,11,12,14,16])
(296,[1,2,3,4,5,6,7,8,9,11,13,15,17])
(297,[0,2,4,5,7,9,11,14,16,18])
(298,[1,2,3,6,7,8,9,10,11,15,17,19])
(299,[0,2,7,9,11,16,18,20])
(300,[3])
(301,[1,2,3,4])
(302,[1,2,3,5])
(303,[0,3,6])
(304,[1,3,4,7])
(305,[2,3,5,8])
(306,[3,6,9])
(307,[3,4,7,10])
(308,[3,5,8,11])
(309,[3,6,9,12])
(310,[1,2,3,4])
(311,[0,1,2,3,4,5])
(312,[0,1,2,3,4,5,6])
(313,[0,1,2,3,4,5,6,7])
(314,[0,1,2,3,4,5,6,7,8])
(315,[1,2,3,4,5,6,7,8,9])
(316,[1,2,3,4,5,6,7,8,9,10])
(317,[1,2,3,4,5,6,7,8,9,10,11])
(318,[1,2,3,4,5,6,7,8,9,10,11,12])
(319,[1,2,3,4,5,6,7,8,9,10,11,12,13])
(320,[1,2,3,5])
(321,[0,1,2,3,4,5,6])
(322,[0,1,2,3,4,5,7])
(323,[0,1,2,3,4,5,6,8])
(324,[1,2,3,4,5,6,7,9])
(325,[0,1,2,3,4,5,6,7,8,10])
(326,[1,2,3,4,5,6,7,8,9,11])
(327,[1,2,3,4,5,6,7,8,9,10,12])
(328,[1,2,3,5,6,7,8,9,10,11,13])
(329,[1,2,3,4,5,6,7,8,9,10,11,12,14])
(330,[0,3,6])
(331,[0,1,2,3,4,5,6,7])
(332,[0,1,2,3,4,5,6,8])
(333,[0,3,6,9])
(334,[0,1,2,3,4,6,7,10])
(335,[0,1,2,3,5,6,8,11])
(336,[0,3,6,9,12])
(337,[0,1,3,4,6,7,10,13])
(338,[0,2,3,5,6,8,11,14])
(339,[0,3,6,9,12,15])
(340,[1,3,4,7])
(341,[0,1,2,3,4,5,6,7,8])
(342,[1,2,3,4,5,6,7,9])
(343,[0,1,2,3,4,6,7,10])
(344,[0,1,3,4,5,7,8,11])
(345,[1,2,3,4,5,6,7,8,9,12])
(346,[1,2,3,4,5,6,7,9,10,13])
(347,[0,1,3,4,6,7,8,10,11,14])
(348,[1,3,4,5,7,8,9,11,12,15])
(349,[1,2,3,4,5,6,7,8,9,10,12,13,16])
(350,[2,3,5,8])
(351,[1,2,3,4,5,6,7,8,9])
(352,[0,1,2,3,4,5,6,7,8,10])
(353,[0,1,2,3,5,6,8,11])
(354,[1,2,3,4,5,6,7,8,9,12])
(355,[0,2,3,5,7,8,10,13])
(356,[1,2,3,4,5,6,8,9,11,14])
(357,[1,2,3,4,5,7,8,9,10,12,15])
(358,[0,2,3,5,6,8,10,11,13,16])
(359,[1,2,3,4,5,6,7,8,9,11,12,14,17])
(360,[3,6,9])
(361,[1,2,3,4,5,6,7,8,9,10])
(362,[1,2,3,4,5,6,7,8,9,11])
(363,[0,3,6,9,12])
(364,[1,2,3,4,5,6,7,9,10,13])
(365,[1,2,3,4,5,6,8,9,11,14])
(366,[0,3,6,9,12,15])
(367,[1,2,3,4,6,7,9,10,13,16])
(368,[1,2,3,5,6,8,9,11,14,17])
(369,[0,3,6,9,12,15,18])
(370,[3,4,7,10])
(371,[1,2,3,4,5,6,7,8,9,10,11])
(372,[1,2,3,4,5,6,7,8,9,10,12])
(373,[0,1,3,4,6,7,10,13])
(374,[0,1,3,4,6,7,8,10,11,14])
(375,[1,2,3,4,5,7,8,9,10,12,15])
(376,[1,2,3,4,6,7,9,10,13,16])
(377,[0,3,4,7,10,11,14,17])
(378,[1,2,3,4,5,7,8,10,11,12,15,18])
(379,[1,2,3,4,5,6,7,9,10,12,13,16,19])
(380,[3,5,8,11])
(381,[1,2,3,4,5,6,7,8,9,10,11,12])
(382,[1,2,3,5,6,7,8,9,10,11,13])
(383,[0,2,3,5,6,8,11,14])
(384,[1,3,4,5,7,8,9,11,12,15])
(385,[0,2,3,5,6,8,10,11,13,16])
(386,[1,2,3,5,6,8,9,11,14,17])
(387,[1,2,3,4,5,7,8,10,11,12,15,18])
(388,[0,3,5,8,11,13,16,19])
(389,[1,2,3,4,5,6,8,9,11,12,14,17,20])
(390,[3,6,9,12])
(391,[1,2,3,4,5,6,7,8,9,10,11,12,13])
(392,[1,2,3,4,5,6,7,8,9,10,11,12,14])
(393,[0,3,6,9,12,15])
(394,[1,2,3,4,5,6,7,8,9,10,12,13,16])
(395,[1,2,3,4,5,6,7,8,9,11,12,14,17])
(396,[0,3,6,9,12,15,18])
(397,[1,2,3,4,5,6,7,9,10,12,13,16,19])
(398,[1,2,3,4,5,6,8,9,11,12,14,17,20])
(399,[0,3,6,9,12,15,18,21])
(400,[4])
(401,[1,3,4,5])
(402,[2,4,6])
(403,[1,3,4,7])
(404,[0,4,8])
(405,[1,4,5,9])
(406,[2,4,6,10])
(407,[3,4,7,11])
(408,[4,8,12])
(409,[4,5,9,13])
(410,[1,3,4,5])
(411,[0,1,2,3,4,5,6])
(412,[1,2,3,4,5,6,7])
(413,[0,1,2,3,4,5,6,7,8])
(414,[0,1,3,4,5,7,8,9])
(415,[0,1,2,3,4,5,6,8,9,10])
(416,[1,2,3,4,5,6,7,9,10,11])
(417,[1,2,3,4,5,6,7,8,10,11,12])
(418,[1,3,4,5,7,8,9,11,12,13])
(419,[1,3,4,5,6,8,9,10,12,13,14])
(420,[2,4,6])
(421,[1,2,3,4,5,6,7])
(422,[0,2,4,6,8])
(423,[1,2,3,4,5,6,7,9])
(424,[0,2,4,6,8,10])
(425,[1,2,3,4,5,6,7,9,11])
(426,[0,2,4,6,8,10,12])
(427,[1,2,3,4,5,6,7,9,11,13])
(428,[2,4,6,8,10,12,14])
(429,[2,3,4,5,6,7,9,11,13,15])
(430,[1,3,4,7])
(431,[0,1,2,3,4,5,6,7,8])
(432,[1,2,3,4,5,6,7,9])
(433,[0,1,2,3,4,6,7,10])
(434,[0,1,3,4,5,7,8,11])
(435,[1,2,3,4,5,6,7,8,9,12])
(436,[1,2,3,4,5,6,7,9,10,13])
(437,[0,1,3,4,6,7,8,10,11,14])
(438,[1,3,4,5,7,8,9,11,12,15])
(439,[1,2,3,4,5,6,7,8,9,10,12,13,16])
(440,[0,4,8])
(441,[0,1,3,4,5,7,8,9])
(442,[0,2,4,6,8,10])
(443,[0,1,3,4,5,7,8,11])
(444,[0,4,8,12])
(445,[0,1,3,4,5,8,9,13])
(446,[0,2,4,6,8,10,14])
(447,[0,1,3,4,7,8,11,15])
(448,[0,4,8,12,16])
(449,[0,1,4,5,8,9,13,17])
(450,[1,4,5,9])
(451,[0,1,2,3,4,5,6,8,9,10])
(452,[1,2,3,4,5,6,7,9,11])
(453,[1,2,3,4,5,6,7,8,9,12])
(454,[0,1,3,4,5,8,9,13])
(455,[0,1,4,5,6,9,10,14])
(456,[1,2,3,4,5,6,7,9,10,11,15])
(457,[1,2,3,4,5,6,7,8,9,11,12,16])
(458,[1,3,4,5,7,8,9,12,13,17])
(459,[0,1,4,5,8,9,10,13,14,18])
(460,[2,4,6,10])
(461,[1,2,3,4,5,6,7,9,10,11])
(462,[0,2,4,6,8,10,12])
(463,[1,2,3,4,5,6,7,9,10,13])
(464,[0,2,4,6,8,10,14])
(465,[1,2,3,4,5,6,7,9,10,11,15])
(466,[0,2,4,6,8,10,12,16])
(467,[1,2,3,4,5,6,7,9,10,11,13,17])
(468,[2,4,6,8,10,12,14,18])
(469,[1,2,3,4,5,6,7,9,10,11,13,15,19])
(470,[3,4,7,11])
(471,[1,2,3,4,5,6,7,8,10,11,12])
(472,[1,2,3,4,5,6,7,9,11,13])
(473,[0,1,3,4,6,7,8,10,11,14])
(474,[0,1,3,4,7,8,11,15])
(475,[1,2,3,4,5,6,7,8,9,11,12,16])
(476,[1,2,3,4,5,6,7,9,10,11,13,17])
(477,[0,3,4,7,10,11,14,18])
(478,[1,3,4,5,7,8,11,12,15,19])
(479,[2,3,4,5,6,7,9,11,12,13,16,20])
(480,[4,8,12])
(481,[1,3,4,5,7,8,9,11,12,13])
(482,[2,4,6,8,10,12,14])
(483,[1,3,4,5,7,8,9,11,12,15])
(484,[0,4,8,12,16])
(485,[1,3,4,5,7,8,9,12,13,17])
(486,[2,4,6,8,10,12,14,18])
(487,[1,3,4,5,7,8,11,12,15,19])
(488,[0,4,8,12,16,20])
(489,[1,3,4,5,8,9,12,13,17,21])
(490,[4,5,9,13])
(491,[1,3,4,5,6,8,9,10,12,13,14])
(492,[2,3,4,5,6,7,9,11,13,15])
(493,[1,2,3,4,5,6,7,8,9,10,12,13,16])
(494,[0,1,4,5,8,9,13,17])
(495,[0,1,4,5,8,9,10,13,14,18])
(496,[1,2,3,4,5,6,7,9,10,11,13,15,19])
(497,[2,3,4,5,6,7,9,11,12,13,16,20])
(498,[1,3,4,5,8,9,12,13,17,21])
(499,[0,4,5,9,13,14,18,22])
(500,[5])
(501,[1,4,5,6])
(502,[2,3,5,7])
(503,[2,3,5,8])
(504,[1,4,5,9])
(505,[0,5,10])
(506,[1,5,6,11])
(507,[2,5,7,12])
(508,[3,5,8,13])
(509,[4,5,9,14])
(510,[1,4,5,6])
(511,[0,1,2,3,4,5,6,7])
(512,[1,2,3,4,5,6,7,8])
(513,[1,2,3,4,5,6,7,8,9])
(514,[0,1,2,3,4,5,6,8,9,10])
(515,[0,1,4,5,6,9,10,11])
(516,[0,1,2,4,5,6,7,10,11,12])
(517,[1,2,3,4,5,6,7,8,11,12,13])
(518,[1,2,3,4,5,6,7,8,9,12,13,14])
(519,[1,3,4,5,6,8,9,10,13,14,15])
(520,[2,3,5,7])
(521,[1,2,3,4,5,6,7,8])
(522,[0,1,2,3,4,5,7,9])
(523,[0,1,2,3,4,5,6,7,8,10])
(524,[1,2,3,4,5,6,7,9,11])
(525,[0,2,3,5,7,8,10,12])
(526,[1,2,3,4,5,6,7,8,9,11,13])
(527,[0,2,3,4,5,7,9,10,12,14])
(528,[1,2,3,5,6,7,8,10,11,13,15])
(529,[2,3,4,5,6,7,9,11,12,14,16])
(530,[2,3,5,8])
(531,[1,2,3,4,5,6,7,8,9])
(532,[0,1,2,3,4,5,6,7,8,10])
(533,[0,1,2,3,5,6,8,11])
(534,[1,2,3,4,5,6,7,8,9,12])
(535,[0,2,3,5,7,8,10,13])
(536,[1,2,3,4,5,6,8,9,11,14])
(537,[1,2,3,4,5,7,8,9,10,12,15])
(538,[0,2,3,5,6,8,10,11,13,16])
(539,[1,2,3,4,5,6,7,8,9,11,12,14,17])
(540,[1,4,5,9])
(541,[0,1,2,3,4,5,6,8,9,10])
(542,[1,2,3,4,5,6,7,9,11])
(543,[1,2,3,4,5,6,7,8,9,12])
(544,[0,1,3,4,5,8,9,13])
(545,[0,1,4,5,6,9,10,14])
(546,[1,2,3,4,5,6,7,9,10,11,15])
(547,[1,2,3,4,5,6,7,8,9,11,12,16])
(548,[1,3,4,5,7,8,9,12,13,17])
(549,[0,1,4,5,8,9,10,13,14,18])
(550,[0,5,10])
(551,[0,1,4,5,6,9,10,11])
(552,[0,2,3,5,7,8,10,12])
(553,[0,2,3,5,7,8,10,13])
(554,[0,1,4,5,6,9,10,14])
(555,[0,5,10,15])
(556,[0,1,4,5,6,10,11,16])
(557,[0,2,3,5,7,10,12,17])
(558,[0,2,3,5,8,10,13,18])
(559,[0,1,4,5,9,10,14,19])
(560,[1,5,6,11])
(561,[0,1,2,4,5,6,7,10,11,12])
(562,[1,2,3,4,5,6,7,8,9,11,13])
(563,[1,2,3,4,5,6,8,9,11,14])
(564,[1,2,3,4,5,6,7,9,10,11,15])
(565,[0,1,4,5,6,10,11,16])
(566,[0,1,5,6,7,11,12,17])
(567,[1,2,4,5,6,7,8,11,12,13,18])
(568,[1,2,3,5,6,7,8,9,11,13,14,19])
(569,[1,2,3,4,5,6,8,9,10,11,14,15,20])
(570,[2,5,7,12])
(571,[1,2,3,4,5,6,7,8,11,12,13])
(572,[0,2,3,4,5,7,9,10,12,14])
(573,[1,2,3,4,5,7,8,9,10,12,15])
(574,[1,2,3,4,5,6,7,8,9,11,12,16])
(575,[0,2,3,5,7,10,12,17])
(576,[1,2,4,5,6,7,8,11,12,13,18])
(577,[0,2,5,7,9,12,14,19])
(578,[1,2,3,4,5,6,7,8,10,12,13,15,20])
(579,[2,3,4,5,7,9,11,12,14,16,21])
(580,[3,5,8,13])
(581,[1,2,3,4,5,6,7,8,9,12,13,14])
(582,[1,2,3,5,6,7,8,10,11,13,15])
(583,[0,2,3,5,6,8,10,11,13,16])
(584,[1,3,4,5,7,8,9,12,13,17])
(585,[0,2,3,5,8,10,13,18])
(586,[1,2,3,5,6,7,8,9,11,13,14,19])
(587,[1,2,3,4,5,6,7,8,10,12,13,15,20])
(588,[0,3,5,8,11,13,16,21])
(589,[1,3,4,5,6,8,9,12,13,14,17,22])
(590,[4,5,9,14])
(591,[1,3,4,5,6,8,9,10,13,14,15])
(592,[2,3,4,5,6,7,9,11,12,14,16])
(593,[1,2,3,4,5,6,7,8,9,11,12,14,17])
(594,[0,1,4,5,8,9,10,13,14,18])
(595,[0,1,4,5,9,10,14,19])
(596,[1,2,3,4,5,6,8,9,10,11,14,15,20])
(597,[2,3,4,5,7,9,11,12,14,16,21])
(598,[1,3,4,5,6,8,9,12,13,14,17,22])
(599,[0,4,5,9,13,14,18,23])
(600,[6])
(601,[1,5,6,7])
(602,[2,4,6,8])
(603,[3,6,9])
(604,[2,4,6,10])
(605,[1,5,6,11])
(606,[0,6,12])
(607,[1,6,7,13])
(608,[2,6,8,14])
(609,[3,6,9,15])
(610,[1,5,6,7])
(611,[0,1,2,4,5,6,7,8])
(612,[1,2,3,4,5,6,7,8,9])
(613,[1,2,3,4,5,6,7,8,9,10])
(614,[1,2,3,4,5,6,7,9,10,11])
(615,[0,1,2,4,5,6,7,10,11,12])
(616,[0,1,5,6,7,11,12,13])
(617,[0,1,2,5,6,7,8,12,13,14])
(618,[1,2,3,5,6,7,8,9,13,14,15])
(619,[1,2,3,4,5,6,7,8,9,10,14,15,16])
(620,[2,4,6,8])
(621,[1,2,3,4,5,6,7,8,9])
(622,[0,2,4,6,8,10])
(623,[1,2,3,4,5,6,7,8,9,11])
(624,[0,2,4,6,8,10,12])
(625,[1,2,3,4,5,6,7,8,9,11,13])
(626,[0,2,4,6,8,10,12,14])
(627,[1,2,3,4,5,6,7,8,9,11,13,15])
(628,[0,2,4,6,8,10,12,14,16])
(629,[1,2,3,4,5,6,7,8,9,11,13,15,17])
(630,[3,6,9])
(631,[1,2,3,4,5,6,7,8,9,10])
(632,[1,2,3,4,5,6,7,8,9,11])
(633,[0,3,6,9,12])
(634,[1,2,3,4,5,6,7,9,10,13])
(635,[1,2,3,4,5,6,8,9,11,14])
(636,[0,3,6,9,12,15])
(637,[1,2,3,4,6,7,9,10,13,16])
(638,[1,2,3,5,6,8,9,11,14,17])
(639,[0,3,6,9,12,15,18])
(640,[2,4,6,10])
(641,[1,2,3,4,5,6,7,9,10,11])
(642,[0,2,4,6,8,10,12])
(643,[1,2,3,4,5,6,7,9,10,13])
(644,[0,2,4,6,8,10,14])
(645,[1,2,3,4,5,6,7,9,10,11,15])
(646,[0,2,4,6,8,10,12,16])
(647,[1,2,3,4,5,6,7,9,10,11,13,17])
(648,[2,4,6,8,10,12,14,18])
(649,[1,2,3,4,5,6,7,9,10,11,13,15,19])
(650,[1,5,6,11])
(651,[0,1,2,4,5,6,7,10,11,12])
(652,[1,2,3,4,5,6,7,8,9,11,13])
(653,[1,2,3,4,5,6,8,9,11,14])
(654,[1,2,3,4,5,6,7,9,10,11,15])
(655,[0,1,4,5,6,10,11,16])
(656,[0,1,5,6,7,11,12,17])
(657,[1,2,4,5,6,7,8,11,12,13,18])
(658,[1,2,3,5,6,7,8,9,11,13,14,19])
(659,[1,2,3,4,5,6,8,9,10,11,14,15,20])
(660,[0,6,12])
(661,[0,1,5,6,7,11,12,13])
(662,[0,2,4,6,8,10,12,14])
(663,[0,3,6,9,12,15])
(664,[0,2,4,6,8,10,12,16])
(665,[0,1,5,6,7,11,12,17])
(666,[0,6,12,18])
(667,[0,1,5,6,7,12,13,19])
(668,[0,2,4,6,8,12,14,20])
(669,[0,3,6,9,12,15,21])
(670,[1,6,7,13])
(671,[0,1,2,5,6,7,8,12,13,14])
(672,[1,2,3,4,5,6,7,8,9,11,13,15])
(673,[1,2,3,4,6,7,9,10,13,16])
(674,[1,2,3,4,5,6,7,9,10,11,13,17])
(675,[1,2,4,5,6,7,8,11,12,13,18])
(676,[0,1,5,6,7,12,13,19])
(677,[0,1,6,7,8,13,14,20])
(678,[1,2,5,6,7,8,9,13,14,15,21])
(679,[1,2,3,4,6,7,8,9,10,13,15,16,22])
(680,[2,6,8,14])
(681,[1,2,3,5,6,7,8,9,13,14,15])
(682,[0,2,4,6,8,10,12,14,16])
(683,[1,2,3,5,6,8,9,11,14,17])
(684,[2,4,6,8,10,12,14,18])
(685,[1,2,3,5,6,7,8,9,11,13,14,19])
(686,[0,2,4,6,8,12,14,20])
(687,[1,2,5,6,7,8,9,13,14,15,21])
(688,[0,2,6,8,10,14,16,22])
(689,[1,2,3,5,6,7,8,9,11,14,15,17,23])
(690,[3,6,9,15])
(691,[1,2,3,4,5,6,7,8,9,10,14,15,16])
(692,[1,2,3,4,5,6,7,8,9,11,13,15,17])
(693,[0,3,6,9,12,15,18])
(694,[1,2,3,4,5,6,7,9,10,11,13,15,19])
(695,[1,2,3,4,5,6,8,9,10,11,14,15,20])
(696,[0,3,6,9,12,15,21])
(697,[1,2,3,4,6,7,8,9,10,13,15,16,22])
(698,[1,2,3,5,6,7,8,9,11,14,15,17,23])
(699,[0,3,6,9,12,15,18,24])
(700,[7])
(701,[1,6,7,8])
(702,[2,5,7,9])
(703,[3,4,7,10])
(704,[3,4,7,11])
(705,[2,5,7,12])
(706,[1,6,7,13])
(707,[0,7,14])
(708,[1,7,8,15])
(709,[2,7,9,16])
(710,[1,6,7,8])
(711,[0,1,2,5,6,7,8,9])
(712,[1,2,3,4,5,6,7,8,9,10])
(713,[1,2,3,4,5,6,7,8,9,10,11])
(714,[1,2,3,4,5,6,7,8,10,11,12])
(715,[1,2,3,4,5,6,7,8,11,12,13])
(716,[0,1,2,5,6,7,8,12,13,14])
(717,[0,1,6,7,8,13,14,15])
(718,[0,1,2,6,7,8,9,14,15,16])
(719,[1,2,3,6,7,8,9,10,15,16,17])
(720,[2,5,7,9])
(721,[1,2,3,4,5,6,7,8,9,10])
(722,[0,2,3,4,5,7,9,11])
(723,[1,2,3,4,5,6,7,8,9,10,12])
(724,[1,2,3,4,5,6,7,9,11,13])
(725,[0,2,3,4,5,7,9,10,12,14])
(726,[1,2,3,4,5,6,7,8,9,11,13,15])
(727,[0,2,5,7,9,12,14,16])
(728,[1,2,3,5,6,7,8,9,10,13,15,17])
(729,[0,2,4,5,7,9,11,14,16,18])
(730,[3,4,7,10])
(731,[1,2,3,4,5,6,7,8,9,10,11])
(732,[1,2,3,4,5,6,7,8,9,10,12])
(733,[0,1,3,4,6,7,10,13])
(734,[0,1,3,4,6,7,8,10,11,14])
(735,[1,2,3,4,5,7,8,9,10,12,15])
(736,[1,2,3,4,6,7,9,10,13,16])
(737,[0,3,4,7,10,11,14,17])
(738,[1,2,3,4,5,7,8,10,11,12,15,18])
(739,[1,2,3,4,5,6,7,9,10,12,13,16,19])
(740,[3,4,7,11])
(741,[1,2,3,4,5,6,7,8,10,11,12])
(742,[1,2,3,4,5,6,7,9,11,13])
(743,[0,1,3,4,6,7,8,10,11,14])
(744,[0,1,3,4,7,8,11,15])
(745,[1,2,3,4,5,6,7,8,9,11,12,16])
(746,[1,2,3,4,5,6,7,9,10,11,13,17])
(747,[0,3,4,7,10,11,14,18])
(748,[1,3,4,5,7,8,11,12,15,19])
(749,[2,3,4,5,6,7,9,11,12,13,16,20])
(750,[2,5,7,12])
(751,[1,2,3,4,5,6,7,8,11,12,13])
(752,[0,2,3,4,5,7,9,10,12,14])
(753,[1,2,3,4,5,7,8,9,10,12,15])
(754,[1,2,3,4,5,6,7,8,9,11,12,16])
(755,[0,2,3,5,7,10,12,17])
(756,[1,2,4,5,6,7,8,11,12,13,18])
(757,[0,2,5,7,9,12,14,19])
(758,[1,2,3,4,5,6,7,8,10,12,13,15,20])
(759,[2,3,4,5,7,9,11,12,14,16,21])
(760,[1,6,7,13])
(761,[0,1,2,5,6,7,8,12,13,14])
(762,[1,2,3,4,5,6,7,8,9,11,13,15])
(763,[1,2,3,4,6,7,9,10,13,16])
(764,[1,2,3,4,5,6,7,9,10,11,13,17])
(765,[1,2,4,5,6,7,8,11,12,13,18])
(766,[0,1,5,6,7,12,13,19])
(767,[0,1,6,7,8,13,14,20])
(768,[1,2,5,6,7,8,9,13,14,15,21])
(769,[1,2,3,4,6,7,8,9,10,13,15,16,22])
(770,[0,7,14])
(771,[0,1,6,7,8,13,14,15])
(772,[0,2,5,7,9,12,14,16])
(773,[0,3,4,7,10,11,14,17])
(774,[0,3,4,7,10,11,14,18])
(775,[0,2,5,7,9,12,14,19])
(776,[0,1,6,7,8,13,14,20])
(777,[0,7,14,21])
(778,[0,1,6,7,8,14,15,22])
(779,[0,2,5,7,9,14,16,23])
(780,[1,7,8,15])
(781,[0,1,2,6,7,8,9,14,15,16])
(782,[1,2,3,5,6,7,8,9,10,13,15,17])
(783,[1,2,3,4,5,7,8,10,11,12,15,18])
(784,[1,3,4,5,7,8,11,12,15,19])
(785,[1,2,3,4,5,6,7,8,10,12,13,15,20])
(786,[1,2,5,6,7,8,9,13,14,15,21])
(787,[0,1,6,7,8,14,15,22])
(788,[0,1,7,8,9,15,16,23])
(789,[1,2,6,7,8,9,10,15,16,17,24])
(790,[2,7,9,16])
(791,[1,2,3,6,7,8,9,10,15,16,17])
(792,[0,2,4,5,7,9,11,14,16,18])
(793,[1,2,3,4,5,6,7,9,10,12,13,16,19])
(794,[2,3,4,5,6,7,9,11,12,13,16,20])
(795,[2,3,4,5,7,9,11,12,14,16,21])
(796,[1,2,3,4,6,7,8,9,10,13,15,16,22])
(797,[0,2,5,7,9,14,16,23])
(798,[1,2,6,7,8,9,10,15,16,17,24])
(799,[0,2,7,9,11,16,18,25])
(800,[8])
(801,[1,7,8,9])
(802,[2,6,8,10])
(803,[3,5,8,11])
(804,[4,8,12])
(805,[3,5,8,13])
(806,[2,6,8,14])
(807,[1,7,8,15])
(808,[0,8,16])
(809,[1,8,9,17])
(810,[1,7,8,9])
(811,[0,1,2,6,7,8,9,10])
(812,[1,2,3,5,6,7,8,9,10,11])
(813,[1,2,3,4,5,6,7,8,9,10,11,12])
(814,[1,3,4,5,7,8,9,11,12,13])
(815,[1,2,3,4,5,6,7,8,9,12,13,14])
(816,[1,2,3,5,6,7,8,9,13,14,15])
(817,[0,1,2,6,7,8,9,14,15,16])
(818,[0,1,7,8,9,15,16,17])
(819,[0,1,2,7,8,9,10,16,17,18])
(820,[2,6,8,10])
(821,[1,2,3,5,6,7,8,9,10,11])
(822,[0,2,4,6,8,10,12])
(823,[1,2,3,5,6,7,8,9,10,11,13])
(824,[2,4,6,8,10,12,14])
(825,[1,2,3,5,6,7,8,10,11,13,15])
(826,[0,2,4,6,8,10,12,14,16])
(827,[1,2,3,5,6,7,8,9,10,13,15,17])
(828,[0,2,6,8,10,14,16,18])
(829,[1,2,3,6,7,8,9,10,11,15,17,19])
(830,[3,5,8,11])
(831,[1,2,3,4,5,6,7,8,9,10,11,12])
(832,[1,2,3,5,6,7,8,9,10,11,13])
(833,[0,2,3,5,6,8,11,14])
(834,[1,3,4,5,7,8,9,11,12,15])
(835,[0,2,3,5,6,8,10,11,13,16])
(836,[1,2,3,5,6,8,9,11,14,17])
(837,[1,2,3,4,5,7,8,10,11,12,15,18])
(838,[0,3,5,8,11,13,16,19])
(839,[1,2,3,4,5,6,8,9,11,12,14,17,20])
(840,[4,8,12])
(841,[1,3,4,5,7,8,9,11,12,13])
(842,[2,4,6,8,10,12,14])
(843,[1,3,4,5,7,8,9,11,12,15])
(844,[0,4,8,12,16])
(845,[1,3,4,5,7,8,9,12,13,17])
(846,[2,4,6,8,10,12,14,18])
(847,[1,3,4,5,7,8,11,12,15,19])
(848,[0,4,8,12,16,20])
(849,[1,3,4,5,8,9,12,13,17,21])
(850,[3,5,8,13])
(851,[1,2,3,4,5,6,7,8,9,12,13,14])
(852,[1,2,3,5,6,7,8,10,11,13,15])
(853,[0,2,3,5,6,8,10,11,13,16])
(854,[1,3,4,5,7,8,9,12,13,17])
(855,[0,2,3,5,8,10,13,18])
(856,[1,2,3,5,6,7,8,9,11,13,14,19])
(857,[1,2,3,4,5,6,7,8,10,12,13,15,20])
(858,[0,3,5,8,11,13,16,21])
(859,[1,3,4,5,6,8,9,12,13,14,17,22])
(860,[2,6,8,14])
(861,[1,2,3,5,6,7,8,9,13,14,15])
(862,[0,2,4,6,8,10,12,14,16])
(863,[1,2,3,5,6,8,9,11,14,17])
(864,[2,4,6,8,10,12,14,18])
(865,[1,2,3,5,6,7,8,9,11,13,14,19])
(866,[0,2,4,6,8,12,14,20])
(867,[1,2,5,6,7,8,9,13,14,15,21])
(868,[0,2,6,8,10,14,16,22])
(869,[1,2,3,5,6,7,8,9,11,14,15,17,23])
(870,[1,7,8,15])
(871,[0,1,2,6,7,8,9,14,15,16])
(872,[1,2,3,5,6,7,8,9,10,13,15,17])
(873,[1,2,3,4,5,7,8,10,11,12,15,18])
(874,[1,3,4,5,7,8,11,12,15,19])
(875,[1,2,3,4,5,6,7,8,10,12,13,15,20])
(876,[1,2,5,6,7,8,9,13,14,15,21])
(877,[0,1,6,7,8,14,15,22])
(878,[0,1,7,8,9,15,16,23])
(879,[1,2,6,7,8,9,10,15,16,17,24])
(880,[0,8,16])
(881,[0,1,7,8,9,15,16,17])
(882,[0,2,6,8,10,14,16,18])
(883,[0,3,5,8,11,13,16,19])
(884,[0,4,8,12,16,20])
(885,[0,3,5,8,11,13,16,21])
(886,[0,2,6,8,10,14,16,22])
(887,[0,1,7,8,9,15,16,23])
(888,[0,8,16,24])
(889,[0,1,7,8,9,16,17,25])
(890,[1,8,9,17])
(891,[0,1,2,7,8,9,10,16,17,18])
(892,[1,2,3,6,7,8,9,10,11,15,17,19])
(893,[1,2,3,4,5,6,8,9,11,12,14,17,20])
(894,[1,3,4,5,8,9,12,13,17,21])
(895,[1,3,4,5,6,8,9,12,13,14,17,22])
(896,[1,2,3,5,6,7,8,9,11,14,15,17,23])
(897,[1,2,6,7,8,9,10,15,16,17,24])
(898,[0,1,7,8,9,16,17,25])
(899,[0,1,8,9,10,17,18,26])
(900,[9])
(901,[1,8,9,10])
(902,[2,7,9,11])
(903,[3,6,9,12])
(904,[4,5,9,13])
(905,[4,5,9,14])
(906,[3,6,9,15])
(907,[2,7,9,16])
(908,[1,8,9,17])
(909,[0,9,18])
(910,[1,8,9,10])
(911,[0,1,2,7,8,9,10,11])
(912,[1,2,3,6,7,8,9,10,11,12])
(913,[1,2,3,4,5,6,7,8,9,10,11,12,13])
(914,[1,3,4,5,6,8,9,10,12,13,14])
(915,[1,3,4,5,6,8,9,10,13,14,15])
(916,[1,2,3,4,5,6,7,8,9,10,14,15,16])
(917,[1,2,3,6,7,8,9,10,15,16,17])
(918,[0,1,2,7,8,9,10,16,17,18])
(919,[0,1,8,9,10,17,18,19])
(920,[2,7,9,11])
(921,[1,2,3,6,7,8,9,10,11,12])
(922,[0,2,4,5,7,9,11,13])
(923,[1,2,3,4,5,6,7,8,9,10,11,12,14])
(924,[2,3,4,5,6,7,9,11,13,15])
(925,[2,3,4,5,6,7,9,11,12,14,16])
(926,[1,2,3,4,5,6,7,8,9,11,13,15,17])
(927,[0,2,4,5,7,9,11,14,16,18])
(928,[1,2,3,6,7,8,9,10,11,15,17,19])
(929,[0,2,7,9,11,16,18,20])
(930,[3,6,9,12])
(931,[1,2,3,4,5,6,7,8,9,10,11,12,13])
(932,[1,2,3,4,5,6,7,8,9,10,11,12,14])
(933,[0,3,6,9,12,15])
(934,[1,2,3,4,5,6,7,8,9,10,12,13,16])
(935,[1,2,3,4,5,6,7,8,9,11,12,14,17])
(936,[0,3,6,9,12,15,18])
(937,[1,2,3,4,5,6,7,9,10,12,13,16,19])
(938,[1,2,3,4,5,6,8,9,11,12,14,17,20])
(939,[0,3,6,9,12,15,18,21])
(940,[4,5,9,13])
(941,[1,3,4,5,6,8,9,10,12,13,14])
(942,[2,3,4,5,6,7,9,11,13,15])
(943,[1,2,3,4,5,6,7,8,9,10,12,13,16])
(944,[0,1,4,5,8,9,13,17])
(945,[0,1,4,5,8,9,10,13,14,18])
(946,[1,2,3,4,5,6,7,9,10,11,13,15,19])
(947,[2,3,4,5,6,7,9,11,12,13,16,20])
(948,[1,3,4,5,8,9,12,13,17,21])
(949,[0,4,5,9,13,14,18,22])
(950,[4,5,9,14])
(951,[1,3,4,5,6,8,9,10,13,14,15])
(952,[2,3,4,5,6,7,9,11,12,14,16])
(953,[1,2,3,4,5,6,7,8,9,11,12,14,17])
(954,[0,1,4,5,8,9,10,13,14,18])
(955,[0,1,4,5,9,10,14,19])
(956,[1,2,3,4,5,6,8,9,10,11,14,15,20])
(957,[2,3,4,5,7,9,11,12,14,16,21])
(958,[1,3,4,5,6,8,9,12,13,14,17,22])
(959,[0,4,5,9,13,14,18,23])
(960,[3,6,9,15])
(961,[1,2,3,4,5,6,7,8,9,10,14,15,16])
(962,[1,2,3,4,5,6,7,8,9,11,13,15,17])
(963,[0,3,6,9,12,15,18])
(964,[1,2,3,4,5,6,7,9,10,11,13,15,19])
(965,[1,2,3,4,5,6,8,9,10,11,14,15,20])
(966,[0,3,6,9,12,15,21])
(967,[1,2,3,4,6,7,8,9,10,13,15,16,22])
(968,[1,2,3,5,6,7,8,9,11,14,15,17,23])
(969,[0,3,6,9,12,15,18,24])
(970,[2,7,9,16])
(971,[1,2,3,6,7,8,9,10,15,16,17])
(972,[0,2,4,5,7,9,11,14,16,18])
(973,[1,2,3,4,5,6,7,9,10,12,13,16,19])
(974,[2,3,4,5,6,7,9,11,12,13,16,20])
(975,[2,3,4,5,7,9,11,12,14,16,21])
(976,[1,2,3,4,6,7,8,9,10,13,15,16,22])
(977,[0,2,5,7,9,14,16,23])
(978,[1,2,6,7,8,9,10,15,16,17,24])
(979,[0,2,7,9,11,16,18,25])
(980,[1,8,9,17])
(981,[0,1,2,7,8,9,10,16,17,18])
(982,[1,2,3,6,7,8,9,10,11,15,17,19])
(983,[1,2,3,4,5,6,8,9,11,12,14,17,20])
(984,[1,3,4,5,8,9,12,13,17,21])
(985,[1,3,4,5,6,8,9,12,13,14,17,22])
(986,[1,2,3,5,6,7,8,9,11,14,15,17,23])
(987,[1,2,6,7,8,9,10,15,16,17,24])
(988,[0,1,7,8,9,16,17,25])
(989,[0,1,8,9,10,17,18,26])
(990,[0,9,18])
(991,[0,1,8,9,10,17,18,19])
(992,[0,2,7,9,11,16,18,20])
(993,[0,3,6,9,12,15,18,21])
(994,[0,4,5,9,13,14,18,22])
(995,[0,4,5,9,13,14,18,23])
(996,[0,3,6,9,12,15,18,24])
(997,[0,2,7,9,11,16,18,25])
(998,[0,1,8,9,10,17,18,26])
(999,[0,9,18,27])